0 0.234269 0.572409 0.106293 0.352134
1 0.340986 0.543445 0.044218 0.166159
1 0.386480 0.529726 0.063776 0.224085
1 0.492347 0.562500 0.051020 0.170732
1 0.283588 0.523628 0.063776 0.138720
1 0.260629 0.420732 0.036565 0.054878
1 0.150085 0.509146 0.033163 0.064024
1 0.117772 0.522104 0.033163 0.047256
1 0.105017 0.583079 0.048469 0.074695
1 0.156037 0.613567 0.058673 0.120427
1 0.113095 0.673780 0.062925 0.097561
1 0.112245 0.794970 0.064626 0.135671
1 0.055272 0.692835 0.052721 0.068598
1 0.027636 0.796494 0.053571 0.138720
