0 0.801020 0.418445 0.057823 0.214939
1 0.492772 0.564787 0.082483 0.193598
1 0.402636 0.596037 0.067177 0.170732
1 0.342262 0.545732 0.056973 0.152439
1 0.285289 0.421494 0.048469 0.105183
1 0.281888 0.530488 0.055272 0.167683
1 0.220663 0.492378 0.053571 0.121951
1 0.176020 0.503049 0.056122 0.161585
1 0.108418 0.584604 0.050170 0.144817
1 0.175170 0.729421 0.112245 0.282012
1 0.113095 0.802591 0.057823 0.129573
1 0.054422 0.689787 0.051020 0.089939
1 0.102466 0.681402 0.045068 0.103659
1 0.090561 0.904726 0.092687 0.190549
1 0.205782 0.932165 0.102041 0.123476
