0 0.783051 0.272590 0.062712 0.222892
0 0.668644 0.696536 0.108475 0.417169
1 0.488983 0.625753 0.093220 0.209337
1 0.419492 0.739458 0.100000 0.222892
1 0.357203 0.538404 0.061864 0.173193
1 0.288136 0.479669 0.062712 0.173193
1 0.302542 0.640060 0.077966 0.201807
1 0.255085 0.710090 0.069492 0.200301
1 0.200424 0.651355 0.070339 0.185241
1 0.147034 0.547440 0.038136 0.097892
1 0.139407 0.703313 0.088983 0.162651
1 0.130932 0.882530 0.085593 0.147590
1 0.284746 0.940512 0.086441 0.115964
1 0.063136 0.930723 0.068644 0.138554
1 0.029661 0.821536 0.045763 0.109940
