0 0.706633 0.506860 0.105442 0.364329
1 0.488946 0.547256 0.071429 0.198171
1 0.410289 0.589177 0.068878 0.214939
1 0.347789 0.557927 0.068027 0.179878
1 0.292942 0.521341 0.046769 0.134146
1 0.252551 0.454268 0.028912 0.158537
1 0.213010 0.467988 0.045068 0.143293
1 0.193452 0.553354 0.051871 0.189024
0 0.132653 0.480183 0.073129 0.115854
1 0.130102 0.605183 0.081633 0.085366
1 0.079507 0.626524 0.051871 0.167683
1 0.152211 0.727896 0.085034 0.178354
1 0.110544 0.820884 0.069728 0.175305
1 0.045068 0.877287 0.073129 0.129573
