0 0.710884 0.520579 0.108844 0.355183
0 0.022534 0.663110 0.039966 0.228659
1 0.480867 0.553354 0.075680 0.173780
1 0.366071 0.541921 0.077381 0.214939
1 0.286990 0.527439 0.045068 0.167683
1 0.251701 0.463415 0.034014 0.146341
1 0.211735 0.477896 0.045918 0.157012
1 0.151361 0.495427 0.037415 0.091463
1 0.117347 0.528963 0.034014 0.054878
1 0.101616 0.596037 0.038265 0.137195
1 0.164966 0.627287 0.045918 0.160061
1 0.126276 0.690549 0.065476 0.121951
1 0.049745 0.728659 0.058673 0.134146
1 0.116922 0.812500 0.087585 0.192073
