1 0.694892 0.405120 0.051075 0.204819
1 0.796371 0.431476 0.041667 0.094880
1 0.768817 0.493976 0.043011 0.102410
1 0.750000 0.571536 0.037634 0.109940
1 0.692204 0.662651 0.077957 0.207831
1 0.639785 0.390060 0.045699 0.186747
1 0.606855 0.360693 0.028226 0.194277
1 0.569220 0.338855 0.030914 0.171687
1 0.522177 0.327560 0.044355 0.191265
1 0.470430 0.321536 0.048387 0.215361
0 0.430780 0.105422 0.052419 0.195783
0 0.409946 0.484187 0.134409 0.534639
0 0.276210 0.643825 0.186828 0.646084
0 0.214382 0.263554 0.068548 0.102410
0 0.081989 0.444277 0.061828 0.328313
1 0.143145 0.566265 0.073925 0.240964
1 0.292339 0.440512 0.044355 0.091867
