1 0.567876 0.323795 0.036290 0.150602
1 0.601478 0.365211 0.025538 0.170181
1 0.639113 0.390813 0.033602 0.197289
1 0.696237 0.411898 0.048387 0.197289
1 0.780242 0.426205 0.044355 0.096386
1 0.764113 0.475151 0.044355 0.082831
1 0.748656 0.577560 0.064516 0.134036
1 0.687500 0.678464 0.073925 0.230422
1 0.492608 0.487199 0.063172 0.272590
1 0.428091 0.481928 0.068548 0.219880
1 0.358871 0.411898 0.064516 0.221386
1 0.430108 0.323795 0.056452 0.153614
1 0.474462 0.305723 0.051075 0.132530
0 0.311828 0.163404 0.075269 0.203313
0 0.239919 0.259789 0.065860 0.121988
0 0.263441 0.603163 0.139785 0.558735
0 0.128360 0.454066 0.122312 0.474398
