0 0.304435 0.173946 0.071237 0.176205
0 0.393145 0.118976 0.060484 0.162651
0 0.239247 0.325301 0.075269 0.213855
0 0.200941 0.553464 0.157258 0.489458
1 0.284274 0.515813 0.073925 0.221386
1 0.322581 0.457078 0.088710 0.248494
1 0.397177 0.423193 0.049731 0.213855
1 0.454973 0.361446 0.090054 0.180723
1 0.540995 0.326807 0.076613 0.219880
1 0.620296 0.377259 0.071237 0.251506
1 0.795699 0.435994 0.048387 0.088855
1 0.759409 0.491717 0.048387 0.073795
1 0.752016 0.578313 0.057796 0.087349
1 0.692204 0.661898 0.083333 0.230422
