0 0.296371 0.173193 0.055108 0.219880
0 0.771505 0.259036 0.075269 0.298193
0 0.243952 0.518072 0.090054 0.280120
0 0.414651 0.657380 0.170699 0.305723
1 0.295027 0.484940 0.057796 0.171687
1 0.343414 0.422440 0.076613 0.146084
1 0.399194 0.397590 0.080645 0.222892
1 0.466398 0.333584 0.069892 0.191265
1 0.551075 0.350904 0.069892 0.219880
1 0.626344 0.387801 0.053763 0.212349
1 0.690188 0.411898 0.047043 0.209337
1 0.765457 0.426958 0.073925 0.206325
1 0.743280 0.605422 0.053763 0.135542
1 0.678091 0.667922 0.095430 0.224398
