0 0.299731 0.177711 0.048387 0.207831
0 0.775538 0.246988 0.064516 0.277108
0 0.243280 0.532380 0.102151 0.323795
0 0.425403 0.654367 0.216398 0.329819
0 0.979167 0.790663 0.041667 0.213855
1 0.297043 0.504518 0.067204 0.192771
1 0.342070 0.453313 0.057796 0.177711
1 0.381048 0.414157 0.057796 0.207831
1 0.418683 0.377259 0.068548 0.197289
1 0.465726 0.323795 0.076613 0.192771
1 0.528226 0.321536 0.045699 0.194277
1 0.589382 0.351657 0.071237 0.233434
1 0.645161 0.390813 0.048387 0.203313
1 0.692876 0.414157 0.060484 0.207831
1 0.776882 0.409639 0.080645 0.165663
1 0.745296 0.591114 0.060484 0.149096
1 0.671371 0.667922 0.100806 0.242470
