0 0.718644 0.710843 0.081356 0.451807
1 0.547458 0.680723 0.066102 0.286145
1 0.490254 0.865964 0.070339 0.216867
1 0.488136 0.600904 0.066102 0.159639
1 0.416102 0.731928 0.088136 0.183735
1 0.373305 0.545934 0.070339 0.188253
1 0.339831 0.664910 0.059322 0.209337
1 0.282203 0.485693 0.062712 0.161145
1 0.145763 0.493223 0.047458 0.131024
1 0.191525 0.622741 0.077966 0.155120
1 0.252119 0.715361 0.080508 0.204819
1 0.149153 0.704819 0.089831 0.153614
1 0.141102 0.912651 0.090678 0.162651
1 0.264407 0.923193 0.074576 0.117470
1 0.032203 0.834337 0.052542 0.141566
