0 0.791102 0.475904 0.078814 0.343373
0 0.699153 0.697289 0.069492 0.394578
1 0.639407 0.727410 0.041525 0.286145
1 0.520339 0.643825 0.091525 0.227410
1 0.411864 0.731175 0.098305 0.200301
1 0.361441 0.527861 0.072034 0.179217
1 0.280932 0.501506 0.075424 0.129518
1 0.216102 0.527108 0.059322 0.171687
1 0.184322 0.616717 0.073729 0.176205
1 0.304661 0.649849 0.080508 0.179217
1 0.249576 0.722139 0.075424 0.218373
1 0.277119 0.937500 0.103390 0.106928
1 0.139407 0.910392 0.078814 0.179217
1 0.136017 0.697289 0.073729 0.168675
1 0.069068 0.950301 0.061864 0.093373
1 0.030508 0.831325 0.057627 0.126506
