0 0.697034 0.693524 0.077119 0.396084
1 0.641949 0.731175 0.043220 0.293675
1 0.491525 0.626506 0.077966 0.219880
1 0.415254 0.723645 0.086441 0.227410
1 0.370763 0.551205 0.070339 0.198795
1 0.283898 0.484940 0.071186 0.153614
1 0.304661 0.637801 0.077119 0.176205
1 0.252966 0.708584 0.072034 0.200301
1 0.273729 0.938253 0.101695 0.123494
1 0.183898 0.619729 0.071186 0.152108
1 0.119068 0.560241 0.060169 0.138554
1 0.128390 0.704066 0.075424 0.149096
1 0.135593 0.908886 0.098305 0.155120
1 0.064407 0.961596 0.062712 0.076807
1 0.030932 0.823795 0.056780 0.105422
