0 0.698305 0.692771 0.081356 0.451807
1 0.631356 0.724398 0.050847 0.268072
1 0.497881 0.644578 0.097458 0.222892
1 0.416525 0.728163 0.080508 0.227410
1 0.372034 0.548193 0.074576 0.207831
1 0.283475 0.493223 0.077119 0.164157
1 0.305085 0.643072 0.069492 0.195783
1 0.248305 0.704819 0.076271 0.210843
1 0.279237 0.933735 0.097458 0.132530
1 0.141102 0.916416 0.102542 0.158133
1 0.069068 0.948042 0.060169 0.091867
1 0.028390 0.817771 0.051695 0.087349
1 0.132203 0.715361 0.069492 0.168675
1 0.182627 0.622741 0.066949 0.149096
1 0.118644 0.570030 0.054237 0.146084
