0 0.752542 0.271837 0.052542 0.296687
0 0.688983 0.685994 0.089831 0.414157
1 0.602542 0.533133 0.061017 0.207831
1 0.551695 0.536145 0.052542 0.222892
1 0.428390 0.741717 0.112712 0.224398
1 0.372458 0.554970 0.068644 0.206325
1 0.305085 0.643825 0.074576 0.209337
1 0.284746 0.489458 0.071186 0.183735
1 0.248305 0.707831 0.072881 0.213855
1 0.267373 0.938253 0.092373 0.123494
1 0.142797 0.912651 0.094068 0.156627
1 0.071610 0.949548 0.051695 0.091867
1 0.028814 0.821536 0.052542 0.109940
1 0.131356 0.707831 0.091525 0.177711
1 0.191102 0.624247 0.080508 0.170181
1 0.108475 0.554970 0.059322 0.134036
