0 0.564831 0.496988 0.097458 0.319277
0 0.710593 0.634036 0.087288 0.313253
1 0.727966 0.289157 0.049153 0.198795
1 0.529661 0.641566 0.069492 0.222892
1 0.416525 0.720633 0.114407 0.236446
1 0.380508 0.548946 0.088136 0.200301
1 0.291525 0.495482 0.074576 0.165663
1 0.299576 0.636295 0.080508 0.197289
1 0.257627 0.710843 0.072881 0.201807
1 0.275424 0.932229 0.105085 0.135542
1 0.133898 0.896084 0.094915 0.171687
1 0.068644 0.959337 0.062712 0.081325
1 0.030085 0.821536 0.048305 0.103916
1 0.137712 0.712349 0.066949 0.156627
1 0.144492 0.573042 0.036441 0.109940
1 0.193644 0.614458 0.063559 0.159639
