0 0.628814 0.436747 0.094915 0.373494
0 0.672034 0.826054 0.103390 0.329819
1 0.716102 0.295934 0.040678 0.188253
1 0.488559 0.603916 0.090678 0.289157
1 0.419068 0.738705 0.095763 0.239458
1 0.365254 0.539157 0.081356 0.174699
1 0.284746 0.483434 0.064407 0.162651
1 0.302542 0.629518 0.093220 0.192771
1 0.259322 0.749247 0.072881 0.146084
1 0.200000 0.623494 0.067797 0.153614
1 0.142373 0.576054 0.050847 0.115964
1 0.133475 0.692018 0.085593 0.137048
1 0.132203 0.902108 0.105085 0.174699
1 0.262712 0.935241 0.110169 0.114458
1 0.065254 0.940512 0.057627 0.091867
1 0.030508 0.817771 0.054237 0.093373
