0 0.727119 0.252259 0.061017 0.245482
0 0.741525 0.482681 0.093220 0.278614
0 0.667797 0.821536 0.116949 0.296687
1 0.490678 0.588855 0.096610 0.147590
1 0.487712 0.731928 0.099153 0.253012
1 0.425000 0.753765 0.105932 0.263554
1 0.369492 0.531627 0.059322 0.192771
1 0.282203 0.478916 0.062712 0.168675
1 0.302542 0.632530 0.084746 0.195783
1 0.263559 0.711596 0.069492 0.182229
1 0.193644 0.621235 0.058475 0.173193
1 0.140254 0.586596 0.051695 0.100904
1 0.140254 0.699548 0.075424 0.182229
1 0.275424 0.923946 0.084746 0.152108
1 0.124153 0.893072 0.097458 0.168675
1 0.068220 0.942018 0.048305 0.112952
1 0.027542 0.830572 0.046610 0.125000
