0 0.647881 0.480422 0.116102 0.295181
0 0.655932 0.798946 0.093220 0.278614
1 0.488559 0.609940 0.072034 0.222892
1 0.415678 0.732681 0.083898 0.218373
1 0.366102 0.546687 0.057627 0.180723
1 0.285169 0.494729 0.080508 0.173193
1 0.300847 0.637801 0.076271 0.158133
1 0.263983 0.737199 0.087288 0.239458
1 0.265678 0.929217 0.083898 0.117470
1 0.121186 0.890060 0.074576 0.159639
1 0.132203 0.699548 0.062712 0.149096
1 0.182627 0.603916 0.082203 0.162651
1 0.066102 0.935241 0.047458 0.114458
1 0.024576 0.821536 0.045763 0.131024
