0 0.596186 0.536898 0.078814 0.368976
0 0.682203 0.795181 0.113559 0.316265
1 0.492373 0.606928 0.069492 0.180723
1 0.418644 0.722139 0.089831 0.224398
1 0.365254 0.539910 0.079661 0.188253
1 0.285169 0.475904 0.072034 0.180723
1 0.310169 0.639307 0.093220 0.206325
1 0.250424 0.715361 0.058475 0.180723
1 0.189407 0.610693 0.055085 0.161145
1 0.137288 0.678464 0.059322 0.194277
1 0.188983 0.824548 0.083051 0.158133
1 0.256780 0.917922 0.098305 0.149096
1 0.124576 0.902108 0.074576 0.168675
1 0.061441 0.942018 0.055085 0.112952
1 0.026271 0.820030 0.044068 0.118976
