0 0.648729 0.478916 0.087288 0.340361
0 0.692373 0.831325 0.115254 0.304217
1 0.502966 0.621235 0.080508 0.227410
1 0.422034 0.744729 0.106780 0.233434
1 0.373729 0.548193 0.059322 0.189759
1 0.277542 0.478163 0.066949 0.173193
1 0.301271 0.641566 0.100847 0.201807
1 0.250847 0.704819 0.066102 0.186747
1 0.179237 0.618976 0.078814 0.189759
1 0.130508 0.668675 0.064407 0.114458
1 0.167797 0.805723 0.094915 0.183735
1 0.265254 0.921687 0.118644 0.132530
1 0.134322 0.906627 0.072034 0.168675
1 0.062288 0.943524 0.056780 0.094880
1 0.022458 0.804970 0.036441 0.088855
