0 0.731356 0.466867 0.084746 0.343373
0 0.693220 0.806476 0.135593 0.293675
1 0.494068 0.601657 0.094915 0.212349
1 0.412288 0.734187 0.100847 0.212349
1 0.369492 0.549699 0.069492 0.174699
1 0.282203 0.494729 0.072881 0.158133
1 0.303814 0.645331 0.092373 0.197289
1 0.250000 0.704066 0.074576 0.185241
1 0.183898 0.606175 0.081356 0.197289
1 0.135593 0.691265 0.071186 0.126506
1 0.179661 0.828313 0.084746 0.165663
1 0.266102 0.932982 0.100000 0.131024
1 0.122034 0.892319 0.076271 0.164157
1 0.066525 0.942018 0.068644 0.094880
1 0.030085 0.820783 0.058475 0.126506
