0 0.686441 0.714608 0.076271 0.483434
1 0.630085 0.707078 0.048305 0.296687
1 0.499576 0.624247 0.077119 0.221386
1 0.417797 0.735693 0.098305 0.191265
1 0.365678 0.526355 0.066949 0.194277
1 0.289407 0.494729 0.055085 0.176205
1 0.298729 0.634036 0.078814 0.186747
1 0.258051 0.713855 0.075424 0.180723
1 0.196186 0.626506 0.056780 0.165663
1 0.143220 0.701054 0.077966 0.158133
1 0.150000 0.474398 0.044068 0.081325
1 0.133051 0.880271 0.105085 0.158133
1 0.272034 0.929970 0.098305 0.140060
1 0.057627 0.936747 0.045763 0.105422
1 0.023729 0.818524 0.035593 0.106928
