0 0.790678 0.375753 0.054237 0.185241
0 0.689831 0.690512 0.088136 0.444277
1 0.497458 0.604669 0.086441 0.212349
1 0.418220 0.736446 0.100847 0.189759
1 0.366949 0.548193 0.084746 0.195783
1 0.291525 0.495482 0.093220 0.159639
1 0.305508 0.637801 0.107627 0.215361
1 0.258475 0.716867 0.079661 0.207831
1 0.199576 0.629518 0.072034 0.183735
1 0.138136 0.575301 0.044068 0.138554
1 0.134746 0.682982 0.050847 0.128012
1 0.266525 0.925452 0.077119 0.131024
1 0.130085 0.887048 0.097458 0.147590
1 0.067797 0.944277 0.069492 0.111446
1 0.022881 0.810241 0.042373 0.084337
