0 0.783051 0.320783 0.089831 0.325301
0 0.683898 0.681476 0.106780 0.441265
1 0.502542 0.603916 0.083051 0.243976
1 0.411017 0.743223 0.101695 0.209337
1 0.370339 0.551958 0.076271 0.194277
1 0.285593 0.489458 0.059322 0.162651
1 0.298729 0.630271 0.073729 0.152108
1 0.252542 0.716114 0.074576 0.194277
1 0.192797 0.647590 0.056780 0.183735
1 0.138983 0.569277 0.042373 0.126506
1 0.138136 0.701807 0.071186 0.144578
1 0.130085 0.878765 0.075424 0.131024
1 0.263559 0.929217 0.096610 0.141566
1 0.066949 0.941265 0.049153 0.117470
1 0.030508 0.820783 0.054237 0.105422
