0 0.782627 0.304217 0.068644 0.337349
0 0.563983 0.657380 0.080508 0.477410
1 0.642797 0.724398 0.066949 0.277108
1 0.492373 0.606928 0.071186 0.204819
1 0.423305 0.740964 0.104237 0.216867
1 0.370763 0.541416 0.065254 0.209337
1 0.286441 0.497741 0.066102 0.167169
1 0.308475 0.647590 0.072881 0.162651
1 0.260593 0.712349 0.083898 0.201807
1 0.191102 0.627259 0.053390 0.164157
1 0.145763 0.568524 0.037288 0.109940
1 0.136017 0.699548 0.075424 0.128012
1 0.132627 0.890060 0.090678 0.150602
1 0.272034 0.927711 0.100000 0.138554
1 0.069068 0.939759 0.060169 0.096386
1 0.026271 0.807229 0.050847 0.102410
