0 0.605508 0.688253 0.082203 0.412651
1 0.663983 0.753012 0.039831 0.316265
1 0.493644 0.606928 0.088983 0.253012
1 0.419915 0.731175 0.090678 0.221386
1 0.379661 0.559488 0.093220 0.221386
1 0.283475 0.492470 0.090678 0.165663
1 0.307203 0.655120 0.082203 0.183735
1 0.258898 0.704819 0.066949 0.189759
1 0.195763 0.634789 0.059322 0.173193
1 0.140254 0.570030 0.033051 0.112952
1 0.139407 0.701807 0.082203 0.150602
1 0.116102 0.871988 0.061017 0.168675
1 0.265678 0.926958 0.092373 0.137048
1 0.072034 0.956325 0.055932 0.087349
1 0.028390 0.825301 0.055085 0.123494
