1 0.475134 0.298193 0.057796 0.126506
1 0.427419 0.326054 0.059140 0.146084
1 0.349462 0.414157 0.083333 0.198795
1 0.420699 0.469127 0.048387 0.194277
1 0.471102 0.517319 0.063172 0.308735
1 0.573253 0.310241 0.025538 0.120482
1 0.622312 0.384789 0.056452 0.218373
1 0.690188 0.405120 0.055108 0.210843
1 0.786290 0.434488 0.032258 0.088855
1 0.765457 0.478163 0.038978 0.082831
1 0.743952 0.590361 0.060484 0.144578
1 0.674059 0.661145 0.092742 0.259036
0 0.349462 0.143825 0.051075 0.182229
0 0.297715 0.166416 0.052419 0.191265
0 0.237231 0.233434 0.063172 0.078313
0 0.258065 0.548193 0.131720 0.530120
0 0.117608 0.449548 0.135753 0.462349
