0 0.458333 0.090361 0.059140 0.135542
0 0.309140 0.181476 0.086022 0.200301
0 0.235215 0.312500 0.107527 0.230422
0 0.187500 0.564006 0.111559 0.287651
1 0.287634 0.651355 0.102151 0.393072
1 0.506720 0.502259 0.069892 0.263554
1 0.391801 0.397590 0.052419 0.222892
1 0.459677 0.308735 0.099462 0.150602
1 0.567876 0.372741 0.071237 0.185241
1 0.643145 0.384789 0.052419 0.206325
1 0.709005 0.408133 0.060484 0.219880
1 0.799059 0.423946 0.041667 0.082831
1 0.784274 0.500000 0.041667 0.084337
1 0.765457 0.576054 0.055108 0.125000
1 0.694220 0.701054 0.100806 0.230422
