0 0.299059 0.179217 0.055108 0.219880
0 0.748656 0.234187 0.077957 0.281627
0 0.415323 0.660392 0.158602 0.311747
0 0.240591 0.511295 0.088710 0.302711
1 0.297715 0.485693 0.057796 0.203313
1 0.354839 0.417922 0.096774 0.191265
1 0.428091 0.364458 0.063172 0.219880
1 0.480511 0.321536 0.044355 0.215361
1 0.545027 0.335843 0.079301 0.222892
1 0.621640 0.372741 0.049731 0.209337
1 0.691532 0.404367 0.047043 0.215361
1 0.768145 0.418675 0.081989 0.165663
1 0.735215 0.606175 0.053763 0.152108
1 0.666667 0.680723 0.107527 0.192771
