0 0.296371 0.175452 0.047043 0.209337
0 0.780914 0.266566 0.069892 0.304217
0 0.231183 0.522590 0.110215 0.310241
0 0.419355 0.673193 0.174731 0.319277
1 0.290995 0.493223 0.055108 0.182229
1 0.338710 0.417169 0.040323 0.171687
1 0.381720 0.412651 0.051075 0.204819
1 0.431452 0.366717 0.077957 0.260542
1 0.476478 0.298193 0.041667 0.153614
1 0.531586 0.331325 0.052419 0.195783
1 0.573253 0.350151 0.036290 0.188253
1 0.620968 0.370482 0.053763 0.231928
1 0.688172 0.408133 0.051075 0.201807
1 0.770833 0.417169 0.087366 0.177711
1 0.748656 0.557982 0.048387 0.073795
1 0.693548 0.672440 0.086022 0.185241
