0 0.425403 0.096386 0.038978 0.153614
0 0.787634 0.310241 0.083333 0.286145
0 0.366935 0.790663 0.155914 0.283133
0 0.430108 0.618976 0.145161 0.259036
0 0.248656 0.556476 0.080645 0.248494
1 0.301747 0.481928 0.057796 0.198795
1 0.341398 0.448795 0.040323 0.189759
1 0.400538 0.407380 0.059140 0.197289
1 0.467070 0.342620 0.060484 0.227410
1 0.529570 0.335090 0.048387 0.206325
1 0.588038 0.350904 0.055108 0.234940
1 0.664651 0.414157 0.084677 0.259036
1 0.780242 0.466114 0.052419 0.128012
1 0.734543 0.545181 0.060484 0.087349
1 0.696909 0.687500 0.103495 0.215361
