0 0.44237288135593217 0.5060240963855422 0.12542372881355932 0.286144578313253
0 0.5538135593220339 0.19503012048192772 0.08389830508474576 0.15512048192771086
1 0.22415254237288135 0.4721385542168675 0.06525423728813559 0.2274096385542169
1 0.27923728813559323 0.42846385542168675 0.06186440677966101 0.2213855421686747
1 0.32796610169491525 0.3990963855421687 0.05254237288135593 0.1927710843373494
1 0.38093220338983047 0.375 0.05508474576271186 0.20180722891566266
1 0.4351694915254237 0.3057228915662651 0.05847457627118644 0.13554216867469882
1 0.49194915254237287 0.33283132530120485 0.046610169491525424 0.18373493975903615
1 0.5334745762711864 0.36897590361445787 0.049999999999999996 0.1957831325301205
1 0.5843220338983051 0.39533132530120485 0.051694915254237285 0.21234939759036145
