1 0.22584745762711864 0.46837349397590367 0.06525423728813559 0.23192771084337352
1 0.2796610169491525 0.43222891566265065 0.05593220338983051 0.23192771084337352
1 0.3254237288135593 0.39683734939759036 0.0576271186440678 0.19728915662650603
1 0.38389830508474576 0.37725903614457834 0.059322033898305086 0.20030120481927713
1 0.43728813559322033 0.30120481927710846 0.05254237288135593 0.11746987951807229
1 0.4906779661016949 0.33960843373493976 0.04406779661016949 0.18825301204819278
1 0.5266949152542373 0.3674698795180723 0.046610169491525424 0.20481927710843376
1 0.576271186440678 0.39683734939759036 0.06101694915254237 0.20933734939759038
0 0.435593220338983 0.49472891566265065 0.12372881355932203 0.29668674698795183
0 0.5788135593220339 0.240210843373494 0.10169491525423728 0.1069277108433735
