0 0.4347457627118644 0.4917168674698795 0.10677966101694915 0.29668674698795183
0 0.3974576271186441 0.18448795180722893 0.04745762711864407 0.1852409638554217
1 0.17457627118644067 0.5188253012048193 0.0711864406779661 0.20030120481927713
1 0.22796610169491524 0.46837349397590367 0.0711864406779661 0.22289156626506026
1 0.2851694915254237 0.4246987951807229 0.0635593220338983 0.21987951807228917
1 0.3296610169491525 0.3983433734939759 0.0576271186440678 0.2063253012048193
1 0.38389830508474576 0.37725903614457834 0.05254237288135593 0.20030120481927713
1 0.4313559322033898 0.292921686746988 0.04406779661016949 0.09186746987951808
1 0.47966101694915253 0.34036144578313254 0.05084745762711864 0.1897590361445783
1 0.5313559322033898 0.3787650602409639 0.05423728813559322 0.2033132530120482
