1 0.17245762711864407 0.5075301204819277 0.0635593220338983 0.20481927710843376
1 0.2266949152542373 0.46987951807228917 0.07033898305084746 0.21987951807228917
1 0.2805084745762712 0.4254518072289157 0.0576271186440678 0.21837349397590364
1 0.3275423728813559 0.3930722891566265 0.051694915254237285 0.20783132530120482
1 0.3877118644067796 0.3539156626506024 0.060169491525423724 0.15963855421686748
1 0.43389830508474575 0.2989457831325301 0.04576271186440678 0.10391566265060241
1 0.48347457627118645 0.34036144578313254 0.049999999999999996 0.18072289156626506
1 0.5262711864406779 0.36972891566265065 0.05084745762711864 0.20030120481927713
0 0.435593220338983 0.49397590361445787 0.10169491525423728 0.29819277108433734
0 0.6059322033898304 0.3501506024096386 0.08813559322033898 0.375
