0 0.42838983050847457 0.4864457831325301 0.10084745762711864 0.30120481927710846
0 0.6440677966101694 0.3599397590361446 0.08135593220338982 0.3072289156626506
1 0.175 0.5120481927710844 0.06525423728813559 0.213855421686747
1 0.23008474576271185 0.4691265060240964 0.06864406779661017 0.2274096385542169
1 0.2826271186440678 0.42695783132530124 0.07203389830508475 0.23644578313253015
1 0.33432203389830506 0.39683734939759036 0.06186440677966101 0.21234939759036145
1 0.3805084745762712 0.37123493975903615 0.05254237288135593 0.2063253012048193
1 0.4309322033898305 0.28990963855421686 0.044915254237288135 0.10090361445783133
1 0.48347457627118645 0.338855421686747 0.03983050847457627 0.1897590361445783
1 0.5254237288135593 0.36897590361445787 0.04915254237288135 0.19879518072289157
