1 0.17203389830508475 0.5105421686746988 0.06949152542372881 0.21084337349397592
1 0.23135593220338982 0.47063253012048195 0.06440677966101695 0.21536144578313254
1 0.2805084745762712 0.411144578313253 0.06271186440677966 0.20783132530120482
1 0.33220338983050846 0.40060240963855426 0.06440677966101695 0.20783132530120482
1 0.38601694915254237 0.37725903614457834 0.05847457627118644 0.2063253012048193
1 0.4406779661016949 0.29518072289156627 0.05593220338983051 0.09939759036144578
1 0.48177966101694913 0.34036144578313254 0.048305084745762714 0.18674698795180725
1 0.5216101694915254 0.3742469879518073 0.051694915254237285 0.20030120481927713
0 0.4351694915254237 0.49472891566265065 0.09915254237288135 0.30873493975903615
0 0.6411016949152543 0.365210843373494 0.10254237288135593 0.3177710843373494
