0 0.6427966101694915 0.35165662650602414 0.08728813559322034 0.31475903614457834
0 0.44025423728813556 0.4917168674698795 0.1194915254237288 0.29668674698795183
1 0.1733050847457627 0.5067771084337349 0.05677966101694915 0.2063253012048193
1 0.22796610169491524 0.4661144578313253 0.06779661016949153 0.2243975903614458
1 0.2817796610169491 0.41039156626506024 0.05677966101694915 0.2033132530120482
1 0.33516949152542375 0.4043674698795181 0.060169491525423724 0.2063253012048193
1 0.3834745762711864 0.37650602409638556 0.049999999999999996 0.20180722891566266
1 0.4330508474576271 0.29668674698795183 0.04576271186440678 0.09337349397590362
1 0.4822033898305085 0.33960843373493976 0.05423728813559322 0.17921686746987953
1 0.5266949152542373 0.3734939759036145 0.048305084745762714 0.19879518072289157
