0 0.6114406779661017 0.3358433734939759 0.07542372881355933 0.34036144578313254
0 0.43389830508474575 0.49397590361445787 0.10169491525423728 0.3042168674698795
1 0.1716101694915254 0.5082831325301205 0.06186440677966101 0.20933734939759038
1 0.23008474576271185 0.4774096385542169 0.06525423728813559 0.20180722891566266
1 0.27796610169491526 0.4118975903614458 0.059322033898305086 0.2033132530120482
1 0.3338983050847458 0.40060240963855426 0.059322033898305086 0.20783132530120482
1 0.3805084745762712 0.3727409638554217 0.05593220338983051 0.19728915662650603
1 0.4330508474576271 0.29593373493975905 0.05254237288135593 0.09789156626506025
1 0.48262711864406777 0.3245481927710844 0.044915254237288135 0.17319277108433737
1 0.5262711864406779 0.3667168674698795 0.04576271186440678 0.21837349397590364
