1 0.16822033898305083 0.5150602409638555 0.06694915254237288 0.20783132530120482
1 0.2305084745762712 0.4721385542168675 0.06101694915254237 0.21837349397590364
1 0.28220338983050847 0.4224397590361446 0.06610169491525424 0.2063253012048193
1 0.33008474576271185 0.3908132530120482 0.060169491525423724 0.17319277108433737
1 0.3813559322033898 0.3742469879518073 0.05423728813559322 0.19126506024096387
1 0.4292372881355932 0.3079819277108434 0.044915254237288135 0.11897590361445784
1 0.48347457627118645 0.32680722891566266 0.03983050847457627 0.177710843373494
1 0.5207627118644068 0.37198795180722893 0.049999999999999996 0.21084337349397592
0 0.613135593220339 0.34789156626506024 0.08898305084745763 0.31927710843373497
0 0.4389830508474576 0.5007530120481928 0.09999999999999999 0.27560240963855426
