0 0.6050847457627119 0.3433734939759036 0.09322033898305085 0.32228915662650603
0 0.4389830508474576 0.5022590361445783 0.1135593220338983 0.2876506024096386
1 0.17076271186440678 0.5128012048192772 0.06694915254237288 0.2063253012048193
1 0.22923728813559321 0.46536144578313254 0.06694915254237288 0.22289156626506026
1 0.28389830508474573 0.42093373493975905 0.059322033898305086 0.20030120481927713
1 0.3313559322033898 0.4051204819277109 0.05423728813559322 0.20180722891566266
1 0.3826271186440678 0.3742469879518073 0.05508474576271186 0.18825301204819278
1 0.43008474576271183 0.30873493975903615 0.046610169491525424 0.10542168674698796
1 0.4843220338983051 0.3253012048192771 0.036440677966101696 0.18072289156626506
1 0.5241525423728813 0.3780120481927711 0.049999999999999996 0.20783132530120482
