0 0.586864 0.689006 0.075424 0.498494
0 0.219492 0.679970 0.081356 0.353916
1 0.508051 0.618976 0.083898 0.195783
1 0.653390 0.737199 0.054237 0.287651
1 0.411441 0.730422 0.112712 0.219880
1 0.370763 0.556476 0.072034 0.212349
1 0.286864 0.492470 0.070339 0.147590
1 0.302119 0.636295 0.088983 0.176205
1 0.288559 0.932982 0.102542 0.112952
1 0.118220 0.894578 0.085593 0.168675
1 0.069492 0.958584 0.052542 0.064759
1 0.025847 0.810994 0.050000 0.106928
1 0.131356 0.701807 0.067797 0.165663
1 0.218220 0.518825 0.048305 0.134036
