0 0.724576 0.383283 0.093220 0.281627
0 0.691102 0.698795 0.088983 0.367470
1 0.625000 0.719127 0.053390 0.281627
1 0.513559 0.641566 0.089831 0.243976
1 0.424576 0.725151 0.110169 0.233434
1 0.365254 0.540663 0.069492 0.174699
1 0.282627 0.495482 0.056780 0.123494
1 0.308051 0.631777 0.088983 0.200301
1 0.256780 0.725904 0.081356 0.210843
1 0.272034 0.943524 0.096610 0.109940
1 0.131356 0.900602 0.089831 0.162651
1 0.065678 0.952560 0.046610 0.094880
1 0.025000 0.824548 0.048305 0.103916
1 0.133051 0.695030 0.064407 0.176205
1 0.186864 0.620482 0.051695 0.180723
1 0.224153 0.523343 0.065254 0.185241
1 0.252542 0.728163 0.077966 0.215361
