0 0.732627 0.315512 0.061864 0.335843
0 0.681780 0.697289 0.082203 0.421687
1 0.628814 0.484187 0.064407 0.176205
1 0.549153 0.564006 0.079661 0.233434
1 0.422881 0.731175 0.098305 0.212349
1 0.377542 0.542169 0.068644 0.186747
1 0.276695 0.490964 0.070339 0.156627
1 0.309746 0.634036 0.075424 0.201807
1 0.258898 0.716114 0.073729 0.230422
1 0.271186 0.937500 0.098305 0.125000
1 0.137712 0.915663 0.094068 0.168675
1 0.067373 0.960843 0.051695 0.078313
1 0.028390 0.818524 0.048305 0.109940
1 0.138136 0.702560 0.076271 0.164157
1 0.122458 0.568524 0.060169 0.167169
1 0.188559 0.606928 0.083898 0.162651
