1 0.719915 0.304970 0.048305 0.203313
0 0.721186 0.573795 0.115254 0.213855
0 0.543220 0.559488 0.113559 0.368976
1 0.513559 0.634789 0.055932 0.212349
1 0.433898 0.744729 0.105085 0.215361
1 0.377119 0.546687 0.076271 0.192771
1 0.278814 0.478163 0.096610 0.164157
1 0.310593 0.641566 0.078814 0.204819
1 0.256356 0.717620 0.072034 0.224398
1 0.194915 0.611446 0.049153 0.180723
1 0.143220 0.590361 0.045763 0.111446
1 0.141102 0.690512 0.077119 0.146084
1 0.123305 0.892319 0.105932 0.164157
1 0.259746 0.911898 0.111017 0.149096
1 0.066102 0.950301 0.050847 0.078313
1 0.030932 0.820030 0.056780 0.100904
