0 0.733898 0.278614 0.062712 0.198795
0 0.664831 0.802711 0.117797 0.313253
1 0.586441 0.557982 0.079661 0.230422
1 0.500000 0.614458 0.057627 0.250000
1 0.413136 0.745482 0.092373 0.210843
1 0.367797 0.534639 0.071186 0.198795
1 0.286017 0.480422 0.070339 0.165663
1 0.301695 0.635542 0.086441 0.186747
1 0.258475 0.719880 0.076271 0.180723
1 0.194915 0.618223 0.061017 0.164157
1 0.136864 0.583584 0.056780 0.088855
1 0.143220 0.700301 0.074576 0.141566
1 0.127542 0.901355 0.085593 0.197289
1 0.262712 0.923946 0.094915 0.131024
1 0.064831 0.937500 0.066949 0.088855
1 0.033475 0.819277 0.055085 0.117470
