0 0.733898 0.268825 0.074576 0.218373
0 0.660169 0.801205 0.116949 0.304217
1 0.548305 0.606928 0.062712 0.289157
1 0.492373 0.605422 0.064407 0.234940
1 0.419068 0.734940 0.090678 0.225904
1 0.359746 0.552711 0.063559 0.213855
1 0.284322 0.493223 0.068644 0.170181
1 0.302966 0.634789 0.075424 0.173193
1 0.259746 0.723645 0.083898 0.194277
1 0.196610 0.615211 0.059322 0.173193
1 0.138983 0.580572 0.049153 0.082831
1 0.137712 0.685994 0.073729 0.149096
1 0.132203 0.892319 0.077966 0.179217
1 0.267373 0.922440 0.104237 0.137048
1 0.076271 0.938253 0.059322 0.093373
1 0.022458 0.812500 0.039831 0.079819
