0 0.780508 0.224398 0.022034 0.256024
0 0.642797 0.570783 0.141525 0.292169
0 0.671610 0.820783 0.114407 0.289157
1 0.494068 0.601657 0.089831 0.251506
1 0.427542 0.724398 0.083898 0.198795
1 0.361441 0.768072 0.063559 0.265060
1 0.362712 0.524849 0.066102 0.200301
1 0.284746 0.487952 0.089831 0.159639
1 0.297881 0.634036 0.070339 0.186747
1 0.263559 0.707831 0.072881 0.201807
1 0.198729 0.627259 0.060169 0.161145
1 0.150847 0.573042 0.035593 0.134036
1 0.139407 0.701807 0.066949 0.144578
1 0.261441 0.926205 0.102542 0.135542
1 0.135593 0.905120 0.086441 0.168675
1 0.069068 0.950301 0.050000 0.087349
1 0.025424 0.809488 0.044068 0.106928
