0 0.553390 0.673946 0.101695 0.287651
0 0.672458 0.820783 0.102542 0.295181
1 0.479237 0.555723 0.046610 0.165663
1 0.421186 0.735693 0.093220 0.203313
1 0.375000 0.557982 0.075424 0.197289
1 0.282203 0.504518 0.062712 0.129518
1 0.303814 0.637801 0.087288 0.182229
1 0.248305 0.694277 0.062712 0.174699
1 0.275424 0.925452 0.091525 0.137048
1 0.183051 0.830572 0.093220 0.188253
1 0.133475 0.674699 0.056780 0.144578
1 0.191102 0.612199 0.051695 0.146084
1 0.150000 0.545934 0.035593 0.082831
1 0.189407 0.838102 0.082203 0.176205
1 0.119068 0.887801 0.073729 0.188253
1 0.058051 0.939006 0.066949 0.088855
1 0.027542 0.813253 0.043220 0.102410
