0 0.549153 0.646084 0.113559 0.265060
0 0.678390 0.819277 0.102542 0.286145
1 0.476271 0.585843 0.052542 0.168675
1 0.407203 0.713102 0.085593 0.182229
1 0.368644 0.543675 0.074576 0.189759
1 0.280932 0.475151 0.070339 0.137048
1 0.302119 0.632530 0.095763 0.186747
1 0.255085 0.710090 0.077966 0.191265
1 0.267797 0.920181 0.081356 0.129518
1 0.177542 0.825301 0.083898 0.171687
1 0.179237 0.603916 0.061864 0.177711
1 0.130508 0.680723 0.057627 0.144578
1 0.128390 0.887801 0.066949 0.185241
1 0.062288 0.942018 0.053390 0.097892
1 0.028390 0.813253 0.051695 0.138554
