0 0.725847 0.725151 0.092373 0.426205
1 0.608475 0.717620 0.071186 0.350904
1 0.498305 0.608434 0.115254 0.210843
1 0.409322 0.736446 0.089831 0.189759
1 0.363559 0.535392 0.069492 0.185241
1 0.288136 0.485693 0.057627 0.161145
1 0.308898 0.631777 0.099153 0.167169
1 0.268644 0.752259 0.067797 0.143072
1 0.134746 0.478916 0.071186 0.126506
1 0.197458 0.618976 0.084746 0.174699
1 0.132203 0.685994 0.081356 0.143072
1 0.166102 0.920934 0.094915 0.158133
1 0.270339 0.923193 0.094915 0.138554
0 0.032203 0.865964 0.062712 0.192771
