0 0.781356 0.175452 0.035593 0.200301
0 0.553390 0.681476 0.091525 0.459337
1 0.645763 0.725151 0.072881 0.299699
1 0.484322 0.606175 0.066949 0.185241
1 0.404661 0.738705 0.088983 0.212349
1 0.365254 0.536898 0.074576 0.206325
1 0.285593 0.484187 0.061017 0.155120
1 0.296186 0.623494 0.087288 0.168675
1 0.257203 0.722139 0.075424 0.191265
1 0.275000 0.926205 0.070339 0.129518
1 0.135169 0.899849 0.088983 0.152108
1 0.058475 0.940512 0.055932 0.091867
1 0.028814 0.824548 0.055932 0.131024
1 0.127542 0.696536 0.075424 0.161145
1 0.195339 0.637048 0.070339 0.195783
1 0.136864 0.480422 0.050000 0.129518
