0 0.695763 0.729669 0.069492 0.429217
1 0.623305 0.685994 0.068644 0.284639
1 0.494068 0.624247 0.089831 0.221386
1 0.411441 0.730422 0.094068 0.216867
1 0.278390 0.932982 0.085593 0.094880
1 0.366102 0.539910 0.067797 0.176205
1 0.296186 0.636295 0.082203 0.176205
1 0.288136 0.494729 0.066102 0.167169
1 0.258051 0.712349 0.075424 0.168675
1 0.186864 0.634036 0.066949 0.171687
1 0.137712 0.690512 0.065254 0.134036
1 0.134322 0.905873 0.112712 0.170181
1 0.058475 0.946536 0.035593 0.085843
1 0.027542 0.823795 0.050000 0.111446
1 0.144492 0.472139 0.038136 0.091867
