0 0.796610 0.310241 0.054237 0.325301
0 0.679661 0.698042 0.089831 0.402108
1 0.507627 0.622741 0.076271 0.236446
1 0.415254 0.731928 0.110169 0.210843
1 0.373305 0.538404 0.066949 0.185241
1 0.283898 0.483434 0.071186 0.189759
1 0.311017 0.643072 0.083051 0.153614
1 0.255508 0.707831 0.068644 0.192771
1 0.188136 0.645331 0.049153 0.179217
1 0.144068 0.563253 0.037288 0.123494
1 0.143644 0.695783 0.065254 0.141566
1 0.264407 0.924699 0.101695 0.144578
1 0.127542 0.887048 0.073729 0.153614
1 0.062288 0.949548 0.060169 0.100904
1 0.024576 0.820030 0.047458 0.100904
