0 0.789831 0.298946 0.062712 0.338855
0 0.684746 0.704819 0.081356 0.412651
1 0.627966 0.717620 0.047458 0.284639
1 0.508051 0.600151 0.061864 0.179217
1 0.414831 0.740964 0.111017 0.234940
1 0.369915 0.545181 0.072034 0.204819
1 0.292373 0.494729 0.061017 0.185241
1 0.300847 0.642319 0.076271 0.185241
1 0.255932 0.708584 0.071186 0.197289
1 0.189831 0.634036 0.059322 0.171687
1 0.135169 0.545934 0.029661 0.070783
1 0.132627 0.687500 0.063559 0.146084
1 0.254661 0.909639 0.082203 0.141566
1 0.127119 0.882530 0.076271 0.153614
1 0.069492 0.942771 0.067797 0.114458
1 0.018644 0.807982 0.035593 0.082831
