0 0.792797 0.276355 0.058475 0.278614
0 0.685169 0.719127 0.073729 0.468373
1 0.635169 0.717620 0.041525 0.299699
1 0.493644 0.608434 0.104237 0.271084
1 0.420339 0.749247 0.103390 0.218373
1 0.367797 0.554217 0.072881 0.201807
1 0.295763 0.493976 0.081356 0.156627
1 0.298729 0.640813 0.085593 0.155120
1 0.260169 0.712349 0.076271 0.213855
1 0.187712 0.598645 0.065254 0.191265
1 0.146610 0.564759 0.044068 0.108434
1 0.142373 0.692771 0.059322 0.159639
1 0.257627 0.924699 0.116949 0.135542
1 0.133898 0.878765 0.098305 0.203313
1 0.067797 0.931476 0.064407 0.109940
1 0.027542 0.801205 0.051695 0.096386
