0 0.777966 0.275602 0.069492 0.304217
0 0.688559 0.709337 0.066949 0.427711
1 0.500847 0.614458 0.072881 0.216867
1 0.419915 0.725904 0.104237 0.243976
1 0.369915 0.531627 0.060169 0.183735
1 0.285593 0.493223 0.062712 0.179217
1 0.305932 0.652108 0.067797 0.189759
1 0.261864 0.704819 0.067797 0.201807
1 0.190254 0.607681 0.063559 0.206325
1 0.144492 0.568524 0.038136 0.100904
1 0.137712 0.689759 0.065254 0.147590
1 0.134322 0.890813 0.092373 0.164157
1 0.261441 0.911898 0.105932 0.152108
1 0.067797 0.938253 0.074576 0.117470
1 0.025424 0.819277 0.040678 0.132530
