0 0.790678 0.274096 0.077966 0.280120
0 0.592373 0.670934 0.064407 0.435241
1 0.648305 0.754518 0.059322 0.322289
1 0.487712 0.589608 0.075424 0.215361
1 0.412712 0.746235 0.101695 0.236446
1 0.372881 0.538404 0.076271 0.209337
1 0.288983 0.513554 0.064407 0.198795
1 0.298305 0.621988 0.077966 0.171687
1 0.259746 0.714608 0.068644 0.191265
1 0.194068 0.615964 0.064407 0.153614
1 0.143644 0.564006 0.034746 0.097892
1 0.144915 0.698042 0.074576 0.140060
1 0.140678 0.902108 0.101695 0.141566
1 0.074576 0.955572 0.064407 0.088855
1 0.026271 0.807982 0.050847 0.094880
1 0.273305 0.924699 0.092373 0.138554
