0 0.805932 0.288404 0.091525 0.260542
0 0.579237 0.679217 0.073729 0.439759
1 0.647458 0.743976 0.057627 0.307229
1 0.491102 0.607681 0.066949 0.218373
1 0.418644 0.734187 0.076271 0.212349
1 0.366949 0.541416 0.059322 0.188253
1 0.283051 0.494729 0.064407 0.176205
1 0.307203 0.636295 0.058475 0.179217
1 0.258898 0.722892 0.077119 0.198795
1 0.195339 0.632530 0.061864 0.171687
1 0.139407 0.557229 0.034746 0.117470
1 0.132203 0.675452 0.055932 0.170181
1 0.258475 0.933735 0.089831 0.132530
1 0.137288 0.895331 0.094915 0.146084
1 0.060593 0.954819 0.075424 0.087349
1 0.020339 0.821536 0.032203 0.121988
