0 0.219758 0.486446 0.114247 0.506024
0 0.083333 0.392319 0.083333 0.257530
0 0.300403 0.167169 0.049731 0.168675
1 0.362231 0.417169 0.076613 0.213855
1 0.334005 0.591114 0.095430 0.236446
1 0.462366 0.340361 0.048387 0.216867
1 0.514113 0.348645 0.047043 0.197289
1 0.591398 0.359187 0.053763 0.233434
1 0.640457 0.396084 0.036290 0.207831
1 0.693548 0.436747 0.048387 0.219880
1 0.790323 0.425452 0.032258 0.064759
1 0.772177 0.488705 0.041667 0.082831
1 0.743952 0.559488 0.047043 0.097892
1 0.703629 0.686747 0.125000 0.216867
