0 0.455645 0.086596 0.069892 0.161145
0 0.317204 0.195030 0.083333 0.203313
0 0.235215 0.327560 0.139785 0.206325
0 0.202957 0.595633 0.086022 0.311747
1 0.312500 0.632530 0.151882 0.379518
1 0.469758 0.556476 0.079301 0.311747
1 0.413978 0.378012 0.086022 0.183735
1 0.477823 0.318524 0.057796 0.173193
1 0.610887 0.399849 0.092742 0.257530
1 0.706317 0.415663 0.047043 0.213855
1 0.782930 0.412651 0.047043 0.075301
1 0.780242 0.502259 0.036290 0.061747
1 0.756048 0.585090 0.038978 0.146084
1 0.688844 0.684488 0.095430 0.215361
