0 0.296371 0.176205 0.076613 0.240964
0 0.241935 0.522590 0.086022 0.301205
0 0.418683 0.662651 0.162634 0.331325
0 0.811156 0.469880 0.073925 0.527108
1 0.296371 0.483434 0.068548 0.180723
1 0.356855 0.426958 0.098118 0.170181
1 0.429435 0.364458 0.057796 0.201807
1 0.485215 0.335090 0.053763 0.188253
1 0.534274 0.330572 0.052419 0.191265
1 0.573253 0.340361 0.044355 0.180723
1 0.627688 0.378765 0.056452 0.224398
1 0.693548 0.423193 0.053763 0.216867
1 0.764113 0.429217 0.071237 0.186747
1 0.713710 0.661145 0.080645 0.243976
