0 0.299731 0.182982 0.051075 0.206325
0 0.770833 0.235693 0.063172 0.272590
0 0.233199 0.516566 0.100806 0.280120
0 0.418011 0.655120 0.158602 0.328313
1 0.295027 0.498494 0.055108 0.210843
1 0.332661 0.423193 0.038978 0.141566
1 0.380376 0.409639 0.040323 0.183735
1 0.431452 0.378765 0.069892 0.215361
1 0.484543 0.300452 0.049731 0.152108
1 0.529570 0.327560 0.043011 0.206325
1 0.587366 0.344880 0.061828 0.225904
1 0.645161 0.396837 0.040323 0.188253
1 0.696237 0.407380 0.043011 0.215361
1 0.772177 0.414157 0.090054 0.168675
1 0.741263 0.589608 0.049731 0.161145
1 0.682796 0.668675 0.096774 0.219880
