0 0.299059 0.172440 0.063172 0.197289
0 0.755376 0.250753 0.075269 0.251506
0 0.418011 0.638554 0.169355 0.268072
0 0.252016 0.530120 0.079301 0.289157
0 0.806452 0.825301 0.204301 0.325301
1 0.296371 0.477410 0.052419 0.189759
1 0.342742 0.448042 0.059140 0.176205
1 0.388441 0.423193 0.053763 0.210843
1 0.434812 0.375753 0.079301 0.224398
1 0.503360 0.332831 0.071237 0.231928
1 0.588710 0.360693 0.064516 0.221386
1 0.638441 0.390813 0.040323 0.224398
1 0.689516 0.422440 0.037634 0.212349
1 0.780242 0.433735 0.092742 0.138554
1 0.744624 0.563253 0.059140 0.126506
1 0.704973 0.670934 0.076613 0.182229
