0 0.297715 0.172440 0.047043 0.203313
0 0.750672 0.247741 0.073925 0.269578
0 0.235215 0.527108 0.088710 0.304217
0 0.413306 0.662651 0.141129 0.325301
0 0.827285 0.822289 0.194892 0.355422
1 0.296371 0.499247 0.055108 0.170181
1 0.342742 0.438253 0.043011 0.159639
1 0.381720 0.391566 0.043011 0.147590
1 0.454301 0.345633 0.056452 0.167169
1 0.510753 0.311747 0.088710 0.234940
1 0.574597 0.353163 0.052419 0.227410
1 0.622984 0.372741 0.079301 0.230422
1 0.688172 0.408886 0.061828 0.224398
1 0.783602 0.443524 0.099462 0.149096
1 0.752688 0.580572 0.051075 0.118976
1 0.692876 0.676205 0.103495 0.192771
