0 0.296371 0.170181 0.041667 0.201807
0 0.747984 0.243976 0.087366 0.271084
0 0.239919 0.509036 0.098118 0.246988
0 0.413978 0.620482 0.126344 0.277108
0 0.331317 0.819277 0.154570 0.292169
1 0.303091 0.508283 0.060484 0.200301
1 0.347446 0.463855 0.060484 0.192771
1 0.405242 0.408133 0.087366 0.198795
1 0.474462 0.347892 0.064516 0.216867
1 0.522849 0.339608 0.040323 0.200301
1 0.571909 0.341114 0.041667 0.203313
1 0.625000 0.387801 0.072581 0.266566
1 0.700269 0.411898 0.048387 0.230422
1 0.774194 0.421687 0.080645 0.156627
1 0.746640 0.585090 0.049731 0.137048
1 0.674731 0.680723 0.104839 0.228916
