0 0.153898 0.496988 0.151882 0.367470
0 0.346774 0.816265 0.236559 0.259036
0 0.409274 0.639307 0.135753 0.254518
0 0.636425 0.552711 0.092742 0.587349
1 0.298387 0.496235 0.064516 0.197289
1 0.338038 0.429217 0.049731 0.168675
1 0.380376 0.410392 0.045699 0.191265
1 0.430108 0.365964 0.069892 0.210843
1 0.502688 0.331325 0.086022 0.219880
1 0.570565 0.326807 0.044355 0.183735
1 0.698253 0.398343 0.052419 0.212349
1 0.770833 0.431476 0.063172 0.191265
1 0.747312 0.579819 0.048387 0.144578
1 0.703629 0.681476 0.052419 0.218373
