0 0.094758 0.466114 0.087366 0.362952
0 0.205645 0.332078 0.088710 0.230422
0 0.408602 0.489458 0.126344 0.536145
0 0.302419 0.641566 0.172043 0.590361
0 0.444220 0.084337 0.044355 0.165663
1 0.163978 0.586596 0.069892 0.263554
1 0.486559 0.319277 0.099462 0.213855
1 0.584677 0.362952 0.067204 0.222892
1 0.638441 0.383283 0.037634 0.209337
1 0.694220 0.404367 0.052419 0.236446
1 0.794355 0.435241 0.051075 0.102410
1 0.756720 0.472139 0.024194 0.064759
1 0.744624 0.559488 0.048387 0.103916
1 0.690860 0.685241 0.088710 0.210843
