0 0.235119 0.515244 0.043367 0.192073
1 0.196429 0.439024 0.025510 0.091463
1 0.262330 0.433689 0.033163 0.080793
1 0.287415 0.528963 0.044218 0.125000
1 0.380102 0.551829 0.062925 0.237805
1 0.491922 0.567835 0.058673 0.178354
1 0.140731 0.834604 0.113095 0.254573
1 0.115221 0.668445 0.056973 0.083841
1 0.053571 0.705793 0.056122 0.106707
1 0.030187 0.814787 0.058673 0.172256
1 0.112245 0.511433 0.034014 0.059451
1 0.150935 0.500762 0.031463 0.056402
1 0.099915 0.586128 0.038265 0.089939
1 0.162415 0.621189 0.056122 0.138720
