1 0.520833 0.574695 0.060374 0.189024
0 0.456207 0.581555 0.085884 0.440549
1 0.400935 0.594512 0.058673 0.161585
1 0.346514 0.553354 0.055272 0.189024
1 0.291667 0.430640 0.042517 0.111280
1 0.284864 0.529726 0.059524 0.141768
1 0.274660 0.645579 0.083333 0.202744
1 0.345238 0.895579 0.125850 0.208841
1 0.216412 0.482470 0.050170 0.132622
1 0.133503 0.548780 0.056122 0.106707
1 0.196429 0.683689 0.081633 0.172256
1 0.108418 0.804878 0.060374 0.158537
1 0.148810 0.727134 0.074830 0.225610
1 0.030187 0.855183 0.051871 0.137195
1 0.092262 0.660823 0.039966 0.077744
