0 0.453656 0.576982 0.085884 0.413110
1 0.529762 0.586890 0.064626 0.134146
1 0.406463 0.585366 0.062925 0.176829
1 0.343963 0.554878 0.063776 0.149390
1 0.292092 0.435976 0.039966 0.100610
1 0.285289 0.538110 0.062075 0.182927
1 0.217687 0.492378 0.054422 0.149390
1 0.274660 0.699695 0.074830 0.198171
1 0.342262 0.900915 0.133503 0.195122
1 0.193452 0.642530 0.085884 0.178354
1 0.137755 0.560976 0.054422 0.115854
1 0.144558 0.708841 0.113946 0.170732
1 0.118622 0.804878 0.085884 0.152439
1 0.034014 0.849848 0.061224 0.150915
