0 0.782738 0.356707 0.038265 0.310976
1 0.489796 0.560213 0.064626 0.193598
1 0.410289 0.600610 0.067177 0.158537
1 0.346939 0.562500 0.056122 0.176829
1 0.287840 0.494665 0.053571 0.190549
1 0.335459 0.897866 0.111395 0.204268
1 0.215136 0.487805 0.052721 0.121951
1 0.227891 0.626524 0.086735 0.210366
1 0.164541 0.628049 0.051871 0.164634
1 0.139456 0.509909 0.069728 0.141768
1 0.099915 0.579268 0.038265 0.070122
1 0.110119 0.680640 0.051871 0.102134
1 0.109694 0.788110 0.083333 0.167683
1 0.045068 0.872713 0.066327 0.178354
