0 0.791241 0.426829 0.065476 0.225610
0 0.166241 0.509146 0.072279 0.262195
1 0.486820 0.580793 0.065476 0.222561
1 0.411565 0.596037 0.064626 0.185976
1 0.349065 0.551067 0.051871 0.153963
1 0.295493 0.538110 0.043367 0.140244
1 0.251276 0.447409 0.043367 0.190549
1 0.213861 0.490091 0.043367 0.135671
1 0.133503 0.580030 0.056122 0.141768
1 0.058673 0.645579 0.047619 0.141768
1 0.028061 0.742378 0.042517 0.115854
1 0.204507 0.776677 0.094388 0.227134
1 0.121599 0.765244 0.085034 0.234756
1 0.090986 0.900152 0.085034 0.199695
