0 0.699405 0.509909 0.097789 0.407012
1 0.492347 0.548018 0.061224 0.163110
1 0.417942 0.562500 0.056973 0.240854
1 0.349915 0.553354 0.065476 0.170732
1 0.286565 0.538872 0.052721 0.178354
1 0.252126 0.476372 0.038265 0.163110
1 0.215136 0.458841 0.047619 0.143293
1 0.195153 0.541921 0.072279 0.166159
1 0.099065 0.578506 0.038265 0.092988
1 0.113946 0.521341 0.032313 0.073171
1 0.160289 0.611280 0.073980 0.161585
1 0.113520 0.692835 0.062075 0.132622
1 0.120323 0.804878 0.084184 0.161585
1 0.039541 0.710366 0.058673 0.088415
0 0.041241 0.836128 0.068878 0.175305
