0 0.709609 0.490091 0.084184 0.400915
1 0.495323 0.573933 0.067177 0.196646
1 0.408588 0.548780 0.062075 0.268293
1 0.348639 0.555640 0.062925 0.169207
1 0.287840 0.529726 0.039966 0.153963
1 0.253401 0.471799 0.034014 0.150915
1 0.218537 0.467226 0.042517 0.163110
1 0.193452 0.535823 0.062075 0.166159
1 0.160714 0.610518 0.062925 0.150915
1 0.097789 0.551067 0.057823 0.117378
1 0.116497 0.678354 0.064626 0.115854
1 0.128827 0.805640 0.082483 0.147866
1 0.044643 0.737805 0.067177 0.125000
0 0.039966 0.855183 0.078231 0.125000
