0 0.718537 0.545732 0.124150 0.378049
0 0.019983 0.673018 0.038265 0.214939
1 0.485544 0.549543 0.068027 0.166159
1 0.384779 0.532774 0.068878 0.224085
1 0.343537 0.562500 0.044218 0.158537
1 0.289116 0.534299 0.059524 0.166159
1 0.251701 0.453506 0.035714 0.153963
1 0.212160 0.467226 0.056973 0.178354
1 0.155612 0.499238 0.047619 0.099085
1 0.113520 0.521341 0.034864 0.054878
1 0.110119 0.608232 0.048469 0.149390
1 0.159864 0.624238 0.056122 0.172256
1 0.125000 0.685976 0.064626 0.140244
1 0.056548 0.740091 0.056973 0.166159
1 0.115221 0.812500 0.082483 0.192073
