0 0.043793 0.574695 0.060374 0.176829
1 0.500850 0.544970 0.059524 0.205793
1 0.386480 0.536585 0.056973 0.240854
1 0.338861 0.548018 0.051871 0.172256
1 0.289116 0.538110 0.052721 0.182927
1 0.243622 0.470274 0.051871 0.147866
1 0.204932 0.440549 0.034014 0.109756
1 0.150510 0.506860 0.035714 0.059451
1 0.117347 0.517530 0.030612 0.062500
1 0.110119 0.592226 0.045068 0.123476
1 0.162415 0.618902 0.068027 0.158537
1 0.114796 0.695122 0.059524 0.137195
1 0.051871 0.727134 0.056122 0.137195
1 0.119473 0.810213 0.085884 0.190549
