0 0.597881 0.702560 0.090678 0.435241
1 0.657627 0.737952 0.038983 0.289157
1 0.498729 0.618976 0.058475 0.201807
1 0.419915 0.731175 0.083898 0.212349
1 0.372034 0.543675 0.071186 0.210843
1 0.292373 0.487952 0.072881 0.156627
1 0.297458 0.646837 0.094915 0.221386
1 0.254237 0.730422 0.077966 0.222892
1 0.191949 0.640060 0.056780 0.144578
1 0.144068 0.576807 0.042373 0.126506
1 0.134746 0.694277 0.067797 0.126506
1 0.272034 0.944277 0.094915 0.108434
1 0.109746 0.884036 0.063559 0.126506
1 0.069915 0.960090 0.055085 0.079819
1 0.029661 0.837349 0.055932 0.114458
