0 0.588983 0.667922 0.079661 0.435241
1 0.656356 0.734940 0.053390 0.313253
1 0.501271 0.615964 0.087288 0.210843
1 0.416102 0.727410 0.089831 0.189759
1 0.366102 0.548193 0.064407 0.192771
1 0.283051 0.486446 0.079661 0.132530
1 0.301271 0.642319 0.097458 0.215361
1 0.250000 0.710090 0.077966 0.188253
1 0.186864 0.643825 0.072034 0.173193
1 0.184746 0.510542 0.062712 0.129518
1 0.264831 0.936747 0.068644 0.105422
1 0.118644 0.875000 0.076271 0.132530
1 0.067797 0.959337 0.066102 0.078313
1 0.030085 0.827560 0.053390 0.115964
0 0.158475 0.765060 0.115254 0.346386
