0 0.697881 0.383283 0.065254 0.338855
0 0.666102 0.821536 0.113559 0.302711
1 0.731356 0.285392 0.033898 0.143072
1 0.496610 0.620482 0.105085 0.225904
1 0.422458 0.737199 0.100847 0.209337
1 0.370763 0.533133 0.083898 0.177711
1 0.309746 0.649096 0.087288 0.195783
1 0.264831 0.761295 0.078814 0.125000
1 0.277966 0.493223 0.077966 0.164157
1 0.204661 0.626506 0.080508 0.162651
1 0.139407 0.589608 0.048305 0.112952
1 0.143220 0.696536 0.072881 0.140060
1 0.141949 0.901355 0.102542 0.173193
1 0.261017 0.944277 0.088136 0.111446
1 0.064407 0.948042 0.049153 0.070783
1 0.027542 0.810994 0.051695 0.112952
