0 0.736017 0.263554 0.075424 0.237952
0 0.671186 0.790663 0.130508 0.361446
1 0.527966 0.694277 0.067797 0.274096
1 0.477542 0.578313 0.041525 0.135542
1 0.416102 0.727410 0.105085 0.225904
1 0.377966 0.559488 0.076271 0.218373
1 0.286441 0.489458 0.057627 0.183735
1 0.307627 0.645331 0.098305 0.188253
1 0.260169 0.720633 0.079661 0.188253
1 0.266949 0.917922 0.096610 0.143072
1 0.130932 0.897590 0.080508 0.195783
1 0.068644 0.944277 0.050847 0.093373
1 0.027966 0.814006 0.054237 0.106928
1 0.131356 0.714608 0.067797 0.176205
1 0.143644 0.591867 0.046610 0.105422
1 0.191102 0.603916 0.068644 0.189759
