0 0.759322 0.246235 0.047458 0.266566
0 0.690678 0.496988 0.103390 0.289157
0 0.659746 0.822289 0.148305 0.319277
1 0.490678 0.600151 0.076271 0.212349
1 0.426695 0.761295 0.092373 0.266566
1 0.369915 0.533886 0.068644 0.188253
1 0.281356 0.474398 0.067797 0.165663
1 0.300424 0.617470 0.082203 0.189759
1 0.249576 0.716867 0.072034 0.207831
1 0.196610 0.622741 0.064407 0.158133
1 0.144915 0.570030 0.050847 0.106928
1 0.128814 0.682982 0.077966 0.140060
1 0.125424 0.896837 0.100000 0.167169
1 0.259746 0.932982 0.077119 0.134036
1 0.058898 0.948042 0.063559 0.085843
1 0.025000 0.822289 0.043220 0.096386
