0 0.772881 0.236446 0.044068 0.274096
0 0.648729 0.545934 0.112712 0.212349
0 0.671186 0.825301 0.091525 0.304217
1 0.499153 0.616717 0.061017 0.221386
1 0.415254 0.756024 0.105085 0.240964
1 0.373729 0.530873 0.076271 0.176205
1 0.290678 0.485693 0.084746 0.161145
1 0.298305 0.636295 0.088136 0.197289
1 0.260593 0.715361 0.068644 0.192771
1 0.196610 0.619729 0.059322 0.167169
1 0.148729 0.570030 0.043220 0.097892
1 0.133051 0.691265 0.077966 0.147590
1 0.262712 0.929970 0.077966 0.115964
1 0.130932 0.901355 0.078814 0.164157
1 0.069492 0.945783 0.061017 0.108434
1 0.024153 0.824548 0.041525 0.118976
