0 0.664831 0.496988 0.092373 0.268072
0 0.653814 0.812500 0.131356 0.296687
1 0.498729 0.618976 0.077119 0.231928
1 0.419068 0.725904 0.099153 0.210843
1 0.369915 0.525602 0.065254 0.201807
1 0.285593 0.496235 0.074576 0.161145
1 0.296186 0.610693 0.082203 0.149096
1 0.299153 0.725904 0.079661 0.201807
1 0.243220 0.686747 0.055932 0.165663
1 0.181780 0.600904 0.063559 0.156627
1 0.134322 0.685994 0.072034 0.152108
1 0.266102 0.923193 0.096610 0.135542
1 0.123305 0.897590 0.087288 0.165663
1 0.062288 0.934488 0.058475 0.094880
1 0.027542 0.820030 0.041525 0.109940
