0 0.582627 0.471386 0.102542 0.319277
0 0.658051 0.806476 0.107627 0.314759
1 0.495339 0.618223 0.073729 0.212349
1 0.416525 0.730422 0.083898 0.222892
1 0.369068 0.551958 0.075424 0.191265
1 0.282203 0.484940 0.066102 0.156627
1 0.302119 0.642319 0.085593 0.188253
1 0.258898 0.702560 0.066949 0.173193
1 0.238559 0.771837 0.102542 0.212349
1 0.186017 0.594880 0.056780 0.120482
1 0.143220 0.548946 0.040678 0.094880
1 0.136441 0.683735 0.069492 0.156627
1 0.261441 0.923946 0.099153 0.131024
1 0.131780 0.897590 0.082203 0.183735
1 0.067373 0.947289 0.055085 0.105422
1 0.022881 0.817771 0.044068 0.096386
