0 0.569068 0.603916 0.099153 0.304217
0 0.665678 0.820030 0.109322 0.305723
1 0.485169 0.594880 0.068644 0.207831
1 0.415678 0.706325 0.073729 0.204819
1 0.369915 0.536145 0.072034 0.183735
1 0.274153 0.477410 0.063559 0.141566
1 0.303390 0.637048 0.077966 0.198795
1 0.255085 0.707831 0.076271 0.177711
1 0.188559 0.602410 0.056780 0.141566
1 0.155508 0.538404 0.029661 0.085843
1 0.140254 0.676958 0.070339 0.167169
1 0.204237 0.800452 0.083051 0.143072
1 0.262712 0.921687 0.081356 0.105422
1 0.123305 0.884036 0.073729 0.141566
1 0.062288 0.947289 0.050000 0.105422
1 0.028390 0.814006 0.055085 0.115964
