0 0.561864 0.698795 0.093220 0.466867
0 0.774576 0.168675 0.018644 0.177711
1 0.645339 0.724398 0.050000 0.322289
1 0.485169 0.605422 0.058475 0.171687
1 0.412712 0.735693 0.067797 0.182229
1 0.364407 0.528614 0.083051 0.177711
1 0.283898 0.490964 0.071186 0.132530
1 0.297458 0.632530 0.084746 0.186747
1 0.253390 0.717620 0.066102 0.191265
1 0.189831 0.634036 0.074576 0.171687
1 0.138983 0.688253 0.062712 0.147590
1 0.144068 0.482681 0.044068 0.134036
1 0.260169 0.918675 0.091525 0.123494
1 0.130932 0.905873 0.088983 0.173193
1 0.027966 0.820030 0.038983 0.097892
1 0.060593 0.951054 0.060169 0.094880
