0 0.774153 0.262048 0.041525 0.213855
0 0.659322 0.694277 0.100000 0.409639
1 0.491525 0.612199 0.059322 0.179217
1 0.406780 0.719880 0.110169 0.216867
1 0.371610 0.539910 0.056780 0.167169
1 0.286017 0.492470 0.051695 0.153614
1 0.303390 0.627259 0.076271 0.203313
1 0.260593 0.710090 0.063559 0.215361
1 0.199153 0.649849 0.062712 0.203313
1 0.153814 0.539157 0.036441 0.108434
1 0.137288 0.682982 0.064407 0.167169
1 0.283051 0.935994 0.091525 0.112952
1 0.133475 0.877259 0.083898 0.140060
1 0.066525 0.936747 0.072034 0.111446
1 0.028390 0.814759 0.050000 0.111446
