0 0.790254 0.295181 0.046610 0.313253
0 0.673305 0.707078 0.078814 0.414157
1 0.506356 0.612199 0.077119 0.227410
1 0.412712 0.740211 0.108475 0.215361
1 0.372881 0.540663 0.072881 0.189759
1 0.283898 0.500000 0.067797 0.156627
1 0.299153 0.641566 0.062712 0.180723
1 0.260169 0.710843 0.079661 0.168675
1 0.198305 0.634789 0.055932 0.167169
1 0.140678 0.556476 0.054237 0.109940
1 0.140254 0.692771 0.070339 0.144578
1 0.271610 0.908133 0.102542 0.147590
1 0.132627 0.874247 0.077119 0.167169
1 0.066949 0.935994 0.076271 0.118976
1 0.030508 0.813253 0.059322 0.117470
