0 0.807203 0.287651 0.102542 0.277108
0 0.598305 0.669428 0.096610 0.390060
1 0.649576 0.740211 0.061864 0.311747
1 0.484322 0.593373 0.092373 0.250000
1 0.424153 0.734187 0.085593 0.221386
1 0.361864 0.536145 0.066102 0.168675
1 0.288136 0.513554 0.066102 0.174699
1 0.306780 0.655120 0.077966 0.177711
1 0.259322 0.712349 0.071186 0.189759
1 0.195763 0.616717 0.057627 0.185241
1 0.140254 0.562500 0.039831 0.106928
1 0.129237 0.694277 0.066949 0.123494
1 0.131356 0.902108 0.081356 0.174699
1 0.270763 0.924699 0.094068 0.150602
1 0.067373 0.933735 0.066949 0.114458
1 0.025424 0.819277 0.038983 0.102410
