0 0.589831 0.680723 0.076271 0.487952
1 0.658051 0.731175 0.061864 0.311747
1 0.496610 0.604669 0.074576 0.212349
1 0.416949 0.733434 0.089831 0.240964
1 0.377542 0.539157 0.078814 0.210843
1 0.291525 0.498494 0.064407 0.156627
1 0.307627 0.646084 0.066102 0.177711
1 0.258475 0.716114 0.062712 0.215361
1 0.197458 0.638554 0.066102 0.180723
1 0.141949 0.579819 0.039831 0.114458
1 0.131780 0.692018 0.087288 0.155120
1 0.136441 0.902108 0.084746 0.135542
1 0.272034 0.931476 0.091525 0.134036
1 0.063559 0.946536 0.054237 0.106928
1 0.030932 0.820030 0.051695 0.143072
