0 0.350936 0.420934 0.151070 0.609940
1 0.384358 0.262801 0.100267 0.245482
0 0.447861 0.332078 0.085561 0.278614
1 0.486631 0.258283 0.050802 0.155120
1 0.534759 0.211596 0.045455 0.115964
1 0.583556 0.221386 0.044118 0.123494
1 0.646390 0.269578 0.044118 0.126506
1 0.695856 0.384789 0.054813 0.251506
1 0.552139 0.382530 0.066845 0.243976
1 0.616979 0.376506 0.073529 0.280120
1 0.483289 0.605422 0.100267 0.316265
1 0.587567 0.705572 0.110963 0.293675
1 0.744652 0.789910 0.106952 0.257530
1 0.614973 0.940512 0.114973 0.103916
0 0.921123 0.496235 0.066845 0.188253
