0 0.194728 0.505335 0.078231 0.288110
1 0.215136 0.464939 0.032313 0.149390
1 0.258078 0.420732 0.028061 0.057927
1 0.281037 0.513720 0.048469 0.143293
1 0.332908 0.531250 0.053571 0.135671
1 0.381803 0.531250 0.045918 0.236280
1 0.494048 0.551067 0.040816 0.144817
1 0.113520 0.516006 0.024660 0.028963
1 0.148810 0.506098 0.028912 0.064024
1 0.104592 0.592988 0.045918 0.097561
1 0.160289 0.618140 0.050170 0.129573
1 0.103741 0.670732 0.052721 0.091463
1 0.051020 0.708841 0.054422 0.088415
1 0.110969 0.787348 0.063776 0.123476
