0 0.794218 0.417683 0.049320 0.204268
1 0.490646 0.570884 0.068027 0.233232
1 0.412415 0.602134 0.071429 0.222561
1 0.343963 0.560976 0.058673 0.173780
1 0.284014 0.519055 0.049320 0.135671
1 0.241071 0.463415 0.034864 0.170732
1 0.215986 0.485518 0.039116 0.117378
1 0.170918 0.501524 0.035714 0.176829
1 0.227891 0.649390 0.073129 0.231707
1 0.110969 0.587652 0.041667 0.083841
1 0.143707 0.717226 0.110544 0.147866
1 0.116497 0.810976 0.064626 0.173780
1 0.065901 0.637195 0.033163 0.085366
1 0.037840 0.724085 0.053571 0.158537
1 0.041667 0.849848 0.066327 0.147866
